Game 1000
Testing agent 0 and agent 1
9 0 -1 8 -2 0 -1 7 -3 4 5 1 5 -3 6 3 9 -1 1 -3 -1 -6 -1 -4 5 2 -3 1 4 8 -3 -1 5 7 -2 5 8 9 -2 -4 -3 1 -5 8 10 0 -2 1 -1 -3 5 -0 -2 2 12 -2 5 -0 5 -0 1 -3 -0 7 8 -1 6 -5 4 3 2 -4 -5 10 -0 11 -2 8 -2 6 1 -3 11 8 -5 -3 -1 -4 3 -2 -2 -2 9 -4 -1 9 -1 5 8 5 
Tournament matrix: 
0 0.354 
-0.354 0 
Equilibrium: 
6.83937e-07 0.999999 
EXPLOITABILITY: 4.84227e-07
Game 2000
Testing agent 0 and agent 2
6 0 6 0 5 4 4 6 -1 12 10 4 -1 0 8 8 -2 10 -2 2 1 9 -3 -4 0 5 12 -2 11 -5 6 6 1 8 -1 2 13 1 8 5 7 -6 -2 3 -2 10 -2 7 0 1 13 12 5 10 -2 9 4 10 3 -2 2 4 2 10 12 7 3 4 -5 10 16 4 -0 13 8 1 8 1 -2 7 15 13 8 2 6 7 11 3 11 -4 -1 11 -1 4 -2 -0 -0 5 -0 8 
Testing agent 1 and agent 2
7 -5 8 10 -6 8 4 5 9 10 -2 11 6 6 2 -2 11 10 2 9 -1 -4 7 9 4 5 -4 5 7 -1 7 3 -4 6 7 10 11 4 -2 8 -4 2 5 9 2 -6 3 -4 6 2 8 6 -1 9 3 6 -2 5 -1 -4 4 12 -3 7 4 7 4 6 -4 3 4 4 10 -1 6 -1 -5 -5 -3 9 -1 6 4 -1 5 8 -2 4 5 -0 5 2 -5 4 1 12 8 16 7 5 
Tournament matrix: 
0 0.354 0.862 
-0.354 0 0.73 
-0.862 -0.73 0 
Equilibrium: 
2.53733e-08 4.7315e-07 1 
EXPLOITABILITY: 7.34543e-07
Game 3000
Testing agent 0 and agent 3
12 6 6 1 15 0 5 8 6 10 5 9 14 2 6 8 8 5 11 9 6 4 14 7 7 0 7 7 6 7 3 4 5 5 -1 12 4 2 14 0 0 -5 8 10 17 7 2 5 5 12 2 16 4 -0 5 1 10 3 10 9 8 1 10 5 13 7 13 8 4 6 11 3 1 5 14 3 4 12 12 5 -2 3 1 9 13 12 6 8 7 4 16 13 3 7 18 4 10 2 5 -3 
Testing agent 1 and agent 3
2 5 7 7 -4 11 -1 -2 1 1 1 4 5 8 0 12 0 8 6 8 9 -2 6 5 10 -2 9 7 7 -3 -1 4 9 5 -2 -2 7 -2 -3 16 -3 -7 7 6 -3 -4 11 6 9 -4 -3 9 4 8 7 4 3 3 10 3 8 7 1 7 10 -3 -5 2 6 4 -0 7 11 8 1 7 7 3 -2 10 7 1 1 5 1 9 -1 -0 5 6 9 -2 10 6 -0 14 -0 7 11 5 
Testing agent 2 and agent 3
6 5 3 -5 5 -7 1 -2 1 -3 5 -8 6 3 5 5 4 6 8 -3 4 12 -1 3 3 7 -4 6 6 -8 6 10 6 10 -2 5 5 -4 5 2 4 7 6 4 1 0 3 1 3 10 -1 6 2 -1 4 4 3 3 -3 7 8 -7 6 6 -1 -3 -1 6 2 -11 -1 -8 -4 9 3 6 -4 1 3 -2 6 7 5 4 -8 6 -0 5 -1 4 -0 9 5 9 4 -4 6 8 -1 -7 
Tournament matrix: 
0 0.354 0.862 1.322 
-0.354 0 0.73 0.81 
-0.862 -0.73 0 0.468 
-1.322 -0.81 -0.468 0 
Equilibrium: 
5.51415e-18 1.53009e-11 8.91601e-07 0.999999 
EXPLOITABILITY: 8.34563e-07
Game 4000
Testing agent 0 and agent 4
4 6 10 2 9 2 11 6 9 9 11 2 6 -3 14 3 4 14 8 7 11 7 7 11 12 9 11 -1 9 14 9 9 22 4 5 -4 17 9 5 12 14 6 9 7 6 13 9 14 3 11 5 9 4 3 22 7 14 6 10 8 11 -1 15 4 11 16 6 23 6 19 7 10 11 15 6 16 11 9 9 7 19 6 4 10 4 1 6 3 5 4 9 13 6 5 14 13 4 8 12 -4 
Testing agent 1 and agent 4
9 5 4 11 7 9 5 6 14 5 3 4 -3 9 3 9 5 0 6 6 4 4 10 8 5 6 14 -3 9 9 8 9 6 -3 -4 5 2 4 7 5 7 -4 6 5 -2 6 0 7 -4 -5 -2 6 1 5 10 -0 7 6 12 3 2 3 10 -4 10 8 2 1 7 3 6 -3 12 8 5 3 9 11 -1 -2 10 7 -3 6 5 9 11 8 6 9 1 8 -1 8 11 7 9 1 9 3 
Testing agent 2 and agent 4
6 7 3 7 7 4 -1 -1 6 -6 6 14 3 -7 5 -1 9 3 9 8 -2 9 1 -3 6 7 -2 -5 -1 -2 9 9 -8 2 10 -1 4 6 6 0 6 2 4 4 10 4 7 7 8 -2 5 1 8 8 -2 7 7 -2 -6 6 4 8 -3 -0 7 5 5 -2 9 -1 4 7 3 4 -3 5 10 2 12 3 -5 4 -7 7 7 4 10 6 7 -5 9 4 6 11 3 6 -4 -4 2 5 
Testing agent 3 and agent 4
7 -7 4 3 0 0 -2 -2 3 5 -1 7 1 3 5 2 -5 7 -6 7 8 5 -5 -6 0 1 4 5 3 8 -8 2 6 2 4 0 -3 -5 0 -6 -5 6 2 8 2 4 0 -3 5 -2 6 4 -5 4 -3 -9 3 5 -4 2 5 6 -3 4 4 2 -7 -4 5 8 -2 4 4 5 -7 4 -8 6 -3 10 1 2 -6 3 7 -8 -0 8 4 4 -9 2 -1 -4 2 -6 6 -5 5 9 
Tournament matrix: 
0 0.354 0.862 1.322 1.69 
-0.354 0 0.73 0.81 1 
-0.862 -0.73 0 0.468 0.706 
-1.322 -0.81 -0.468 0 0.226 
-1.69 -1 -0.706 -0.226 0 
Equilibrium: 
2.81528e-37 1.20514e-22 4.91539e-16 1.18927e-05 0.999988 
EXPLOITABILITY: 5.37549e-06
Game 5000
Testing agent 0 and agent 5
6 7 9 5 10 5 22 6 8 14 6 4 1 8 2 10 9 14 12 0 4 8 6 -1 7 11 4 13 -3 12 6 10 10 10 5 4 9 8 9 8 1 5 19 3 5 21 6 4 16 6 1 5 7 13 2 4 7 8 1 5 -3 -1 5 7 6 8 11 10 14 7 6 11 11 11 7 3 -1 21 6 16 1 6 7 3 15 7 8 8 11 6 5 5 12 4 8 7 12 9 6 8 
Testing agent 1 and agent 5
-4 17 5 4 12 6 -3 -3 6 5 12 7 -1 17 7 6 5 7 5 11 -1 -4 4 5 8 5 10 10 -2 6 7 11 10 7 9 3 13 8 6 7 9 -4 4 10 4 10 6 0 5 -6 -3 16 9 7 6 3 -1 10 3 5 6 7 11 6 -1 6 10 18 6 6 -0 5 8 3 9 9 -2 11 3 11 -2 4 5 5 8 4 5 -1 6 6 3 9 10 4 10 8 -2 8 9 4 
Testing agent 2 and agent 5
5 -4 9 2 6 0 4 1 2 -6 8 5 -1 7 12 9 7 6 5 11 9 9 5 3 10 6 2 6 -2 7 -4 0 5 2 9 6 8 6 4 4 8 -5 5 6 0 10 7 -1 8 9 5 8 -3 6 13 5 3 -0 7 9 9 6 3 -0 8 -0 3 4 -0 7 5 5 -3 4 -5 5 6 5 5 2 7 5 7 8 8 5 9 4 -4 -2 11 8 5 4 -2 6 6 -4 -2 3 
Testing agent 3 and agent 5
-3 6 6 -5 3 7 4 3 5 8 -4 4 -7 8 3 -4 2 -8 -2 0 0 6 6 -3 5 -2 11 4 0 6 2 4 2 9 7 0 -6 5 -4 -2 7 10 -5 3 5 -6 3 4 -6 -7 -3 -3 7 -8 3 5 -10 5 -9 6 6 -5 -5 3 4 4 7 9 -0 -8 -0 6 -3 1 5 -7 3 2 7 1 -3 2 7 10 6 4 3 6 4 1 2 1 3 4 1 -4 4 5 -5 7 
Testing agent 4 and agent 5
6 -4 4 -5 0 0 -4 -6 14 -2 -3 -6 -6 7 3 1 3 0 -6 0 3 -7 -5 0 -1 6 3 11 3 4 -6 -7 -4 4 3 -3 5 4 -2 9 9 1 -9 0 -1 4 4 -5 4 -4 3 2 8 5 -4 7 7 -3 1 -1 3 -6 8 -2 4 -0 7 -2 -0 -0 5 4 -5 -4 -3 3 -1 -2 -0 1 -7 -8 7 -6 8 3 6 6 -6 4 -5 5 -0 7 -5 -8 -2 5 -1 -3 
Tournament matrix: 
0 0.354 0.862 1.322 1.69 1.48 
-0.354 0 0.73 0.81 1 1.142 
-0.862 -0.73 0 0.468 0.706 0.868 
-1.322 -0.81 -0.468 0 0.226 0.33 
-1.69 -1 -0.706 -0.226 0 0.108 
-1.48 -1.142 -0.868 -0.33 -0.108 0 
Equilibrium: 
5.77132e-66 2.37207e-50 3.00939e-38 4.38633e-15 2.04792e-05 0.99998 
EXPLOITABILITY: 4.42352e-06
Game 6000
Testing agent 0 and agent 6
10 6 14 7 2 4 3 14 9 6 6 2 4 4 3 6 8 4 6 2 5 8 12 11 12 5 17 9 11 14 7 5 12 8 19 7 18 15 17 9 8 7 12 6 10 5 9 7 9 7 10 8 8 1 8 13 -0 15 -0 -3 -1 7 14 5 7 10 11 5 2 3 7 18 17 11 10 4 14 7 4 16 15 7 13 10 8 11 17 14 7 10 11 4 1 11 6 9 4 12 7 3 
Testing agent 1 and agent 6
9 2 6 4 11 -3 4 7 16 -2 3 10 4 15 8 -1 0 1 5 14 6 8 8 3 7 4 15 8 4 14 9 12 6 1 6 12 12 -3 10 12 6 6 1 8 10 4 6 10 8 7 7 -1 9 7 4 13 -1 5 9 -3 12 9 6 12 6 8 7 10 2 10 9 1 6 8 12 5 5 4 6 13 9 6 8 -1 10 8 4 10 7 13 1 3 6 5 15 10 6 -1 -2 6 
Testing agent 2 and agent 6
-3 2 6 6 7 10 -8 10 9 0 10 3 5 8 8 5 11 9 7 -6 10 7 -4 9 5 -6 0 8 4 10 6 -5 -3 10 11 -5 9 4 1 7 6 11 4 -3 7 -4 -4 -4 5 8 5 7 5 -1 5 5 11 4 6 5 7 7 10 5 6 10 5 -6 11 5 6 6 12 8 4 -5 -0 7 5 9 -3 4 5 17 -4 7 9 6 7 -1 2 -6 9 -7 6 -2 8 -4 5 9 
Testing agent 3 and agent 6
7 3 3 3 -6 9 9 -5 6 5 2 0 -2 -1 8 5 6 5 8 -1 -1 4 -4 -8 -4 -2 7 7 4 5 7 -4 5 7 7 9 7 6 0 -8 5 2 5 7 7 6 -5 3 10 7 5 7 -8 4 7 -5 2 -5 3 5 3 9 8 -6 -0 -1 6 4 -2 7 -7 5 -5 6 8 4 3 9 3 -4 8 1 1 -9 -8 5 5 -7 -1 -4 7 6 5 10 8 5 8 6 -2 4 
Testing agent 4 and agent 6
4 1 -6 3 -4 -3 7 3 -5 5 10 5 10 8 -8 -1 0 6 1 7 6 7 7 5 10 11 1 5 -2 -4 4 0 -2 9 -7 5 5 -3 3 1 7 -5 -7 -7 5 6 8 5 -2 -9 -1 -1 -2 -0 -7 6 3 -1 5 -2 5 -3 6 6 -5 9 -3 1 -3 7 3 5 -6 5 6 -8 1 -1 4 9 6 -2 -1 9 -3 2 6 -4 -5 3 -0 -6 -4 -5 -3 -6 -1 7 -4 6 
Testing agent 5 and agent 6
7 8 -10 2 -2 4 0 0 7 -4 8 -7 -4 11 0 -6 -1 1 -8 7 -2 -8 0 -4 6 3 -2 -5 3 6 -8 -1 0 10 -5 -1 4 -6 -4 4 -6 8 3 -7 1 8 -6 -3 1 1 1 6 11 -0 3 -0 4 -5 -2 -6 8 -7 5 -3 -2 -4 2 2 2 6 6 4 -5 -0 -3 -8 1 -6 7 6 -3 -7 -2 5 2 -2 4 -3 5 1 -3 -1 6 4 -6 -2 2 -5 5 4 
Tournament matrix: 
0 0.354 0.862 1.322 1.69 1.48 1.664 
-0.354 0 0.73 0.81 1 1.142 1.312 
-0.862 -0.73 0 0.468 0.706 0.868 0.868 
-1.322 -0.81 -0.468 0 0.226 0.33 0.536 
-1.69 -1 -0.706 -0.226 0 0.108 0.276 
-1.48 -1.142 -0.868 -0.33 -0.108 0 0.06 
-1.664 -1.312 -0.868 -0.536 -0.276 -0.06 0 
Equilibrium: 
3.09954e-116 1.48153e-91 2.13032e-61 2.07967e-37 1.66118e-19 5.12982e-05 0.999949 
EXPLOITABILITY: 6.15578e-06
Game queue size set to 10000
Game 7000
Testing agent 0 and agent 7
7 13 3 14 3 7 8 8 2 12 3 8 19 5 7 6 13 8 11 7 7 6 11 16 22 5 6 0 11 9 11 11 11 15 10 18 11 5 16 0 5 1 8 6 5 16 6 4 7 3 13 6 10 1 4 4 11 7 8 11 5 14 1 6 12 8 4 5 12 11 12 7 16 2 11 20 7 12 -2 5 10 14 5 -2 6 8 2 11 7 14 10 8 5 11 9 7 14 7 13 21 
Testing agent 1 and agent 7
13 0 7 10 -6 0 11 2 -2 11 12 6 4 14 -2 8 -5 10 4 7 18 0 9 7 -1 8 11 10 2 -4 3 -2 5 10 2 15 4 16 3 13 1 10 1 3 3 4 9 12 6 8 7 1 4 6 5 5 3 8 14 8 -1 4 7 7 10 4 4 5 -2 6 -2 6 4 12 5 10 3 3 10 8 -4 5 12 8 5 -2 14 -2 2 9 -2 5 5 8 10 8 5 9 9 9 
Testing agent 2 and agent 7
-5 11 6 11 7 5 -6 9 7 -2 -3 1 3 10 7 7 0 2 -5 12 7 7 -4 10 9 1 6 10 4 -4 -5 6 10 3 -5 6 3 8 3 7 12 -8 -1 5 7 6 1 6 -2 2 6 4 -6 -7 5 2 2 17 10 10 -3 6 10 7 12 -3 10 8 4 4 9 2 4 7 4 10 8 4 -6 -5 7 5 8 -4 -4 3 11 6 9 10 10 9 7 6 8 -1 5 -4 6 8 
Testing agent 3 and agent 7
-4 4 -6 8 7 2 7 -2 -3 4 4 4 9 -2 7 -1 -4 6 -4 0 6 5 10 8 6 -3 6 -4 7 6 -3 8 7 -4 7 11 7 10 0 7 0 -4 -2 2 -4 10 5 -4 6 10 -0 6 4 9 2 3 -0 5 5 8 3 -3 10 8 -3 -2 -0 -3 -0 -2 5 4 -0 -6 6 -2 -5 6 11 9 -6 2 6 5 -1 7 6 10 7 6 -5 -5 8 11 -4 5 -6 -4 3 5 
Testing agent 4 and agent 7
5 4 -1 7 -5 1 -3 -1 -1 -2 9 -5 8 9 -4 -4 -5 3 6 6 2 -1 -2 -2 1 -1 2 3 -2 5 -2 8 4 1 7 5 -5 3 4 8 -3 5 -5 -4 6 0 -1 5 6 0 10 -6 1 -3 -3 11 -2 1 -3 5 1 6 -9 4 9 7 -1 5 -0 -1 -3 -5 -0 4 7 2 7 -5 -5 3 4 4 3 5 7 4 2 9 -2 11 7 5 1 -5 -2 4 1 -1 4 8 
Testing agent 5 and agent 7
0 3 -5 4 2 2 5 -2 -3 12 2 2 0 3 -5 -4 7 6 3 4 -3 -4 0 -4 -8 0 -3 -2 -2 -4 4 0 8 -1 3 0 -1 -7 5 -1 6 -3 6 8 -1 5 -4 2 0 6 -4 -0 -3 -0 -3 6 3 5 3 -5 -2 -0 4 -3 4 -0 5 -7 -0 8 8 5 -5 3 5 3 -3 -0 2 7 -7 -4 -1 4 8 -5 8 1 -0 5 4 -4 -3 -8 -8 -2 1 -5 7 -1 
Testing agent 6 and agent 7
7 -7 -1 7 10 8 -3 6 -3 -6 5 3 -4 6 -1 5 5 3 2 6 -5 4 3 -2 11 10 0 6 -3 -1 5 -6 -5 1 -3 -2 5 -2 -2 -2 -4 -4 4 -4 9 -5 -2 -2 2 -7 2 -0 3 -3 4 8 -2 -0 -2 4 1 6 -4 -7 -3 -1 -4 -0 -4 -3 4 5 -6 -1 -0 7 -5 -1 7 -4 -5 -7 -4 -9 -4 6 9 1 -0 7 6 5 -1 5 -0 -4 -4 4 10 -0 
Tournament matrix: 
0 0.354 0.862 1.322 1.69 1.48 1.664 1.698 
-0.354 0 0.73 0.81 1 1.142 1.312 1.134 
-0.862 -0.73 0 0.468 0.706 0.868 0.868 0.854 
-1.322 -0.81 -0.468 0 0.226 0.33 0.536 0.56 
-1.69 -1 -0.706 -0.226 0 0.108 0.276 0.36 
-1.48 -1.142 -0.868 -0.33 -0.108 0 0.06 0.134 
-1.664 -1.312 -0.868 -0.536 -0.276 -0.06 0 0.126 
-1.698 -1.134 -0.854 -0.56 -0.36 -0.134 -0.126 0 
Equilibrium: 
2.05267e-67 4.56459e-46 1.0528e-34 1.04271e-22 1.03708e-14 4.01297e-06 1.57211e-05 0.99998 
EXPLOITABILITY: 5.03719e-06
Game queue size set to 10000
Game 8000
Testing agent 0 and agent 8
19 18 -4 7 12 0 7 8 1 13 5 7 -6 6 3 5 11 12 7 13 16 2 -1 18 7 8 11 12 4 2 10 4 7 2 12 14 1 4 20 1 7 8 8 3 14 8 18 3 0 12 10 6 8 6 10 15 6 6 -2 9 7 9 9 8 10 14 6 14 13 12 2 21 9 7 7 10 6 16 6 16 7 9 -1 5 12 19 2 23 2 4 3 8 11 19 8 3 24 5 4 12 
Testing agent 1 and agent 8
12 4 9 4 5 0 3 4 5 10 7 -3 12 1 4 -2 13 0 11 5 1 9 4 4 5 -2 17 0 7 8 10 8 8 6 11 5 2 7 7 8 3 17 5 3 0 4 2 8 6 6 11 5 -3 8 4 12 -4 10 6 12 11 12 7 4 7 4 7 12 7 13 13 10 -3 6 6 8 18 13 9 2 2 4 13 9 -7 4 1 3 -3 9 3 5 5 7 10 4 -2 17 5 4 
Testing agent 2 and agent 8
8 5 6 6 10 16 3 6 12 3 5 -2 0 -4 5 8 6 3 4 -1 5 8 -3 5 -1 -2 -2 6 9 -4 11 7 8 4 5 -3 4 7 11 8 8 9 3 5 6 8 5 -2 -4 6 1 -4 8 -3 6 3 -5 9 8 6 9 -0 10 5 -3 4 6 5 2 9 8 -6 4 -3 -2 12 6 10 5 7 3 6 -1 11 -1 4 8 16 7 -3 -0 3 20 7 -5 5 14 5 -5 -0 
Testing agent 3 and agent 8
-6 -7 9 -3 7 -2 8 4 8 6 1 2 7 -6 3 4 6 5 1 -1 5 2 -8 4 6 1 -1 -4 -2 -1 7 4 -6 9 10 -2 10 4 -1 5 -2 3 3 -6 0 10 6 8 6 6 2 -2 -6 1 6 -1 5 -3 5 7 -3 2 5 8 -3 -6 11 12 -10 10 -1 5 -5 -4 6 -6 8 -1 13 4 9 4 -3 -3 3 4 6 3 7 2 -5 -2 5 7 7 -1 -5 -7 10 -2 
Testing agent 4 and agent 8
9 7 9 -2 0 7 6 -5 5 -7 4 4 -1 -2 -1 7 2 4 5 6 4 8 5 -5 15 -5 2 7 -1 7 6 1 1 -3 3 4 13 -5 9 4 11 6 -4 -5 4 8 -5 -7 5 9 10 5 8 -5 2 13 9 7 1 -2 9 -7 5 3 2 2 -3 7 -5 -4 -1 -1 6 -2 -0 8 -0 7 -7 -4 -4 2 4 -4 -6 4 11 -1 8 -3 -2 -0 -4 -8 7 10 -5 -3 -4 2 
Testing agent 5 and agent 8
5 -4 9 6 6 -2 7 7 0 4 6 4 3 10 -2 4 -2 0 2 0 1 6 6 -4 -3 6 -3 0 -2 6 0 -1 9 8 5 5 0 4 -7 -4 -3 4 4 8 0 0 2 6 6 -4 2 -0 1 3 -1 8 -7 3 -1 3 2 -1 -2 8 1 8 5 2 4 -0 6 1 9 -5 5 -1 2 -2 -5 -6 -5 7 4 -2 7 -1 -1 -6 5 8 -6 4 1 -6 -4 2 -4 -6 9 -4 
Testing agent 6 and agent 8
0 4 5 4 -1 -4 7 8 2 5 -4 -9 -1 -2 -1 -1 -2 -1 -4 -6 5 0 3 0 -2 4 5 9 13 2 2 -6 4 -3 -4 3 -8 -3 0 -4 -1 5 -2 -1 -2 -2 11 2 -3 7 4 -1 -2 -2 6 7 -2 -4 -4 -5 2 -2 7 10 -2 6 10 3 4 4 9 2 4 11 -7 -6 -7 7 -5 -7 1 5 -5 -2 7 -5 -1 1 -4 -1 -1 8 4 8 -7 -6 -1 4 -2 -1 
Testing agent 7 and agent 8
10 -4 3 4 -4 -3 2 -1 -1 4 6 5 4 -1 -4 -10 0 -5 0 -2 7 10 3 -5 1 0 6 -6 8 2 -4 -4 0 10 7 0 6 -1 3 5 1 -1 -3 -5 2 -5 10 -2 10 0 -5 -0 5 3 6 -2 -0 -9 -2 8 6 2 1 -1 -4 -1 -6 -2 8 4 8 -1 -6 6 -4 7 -4 1 4 4 3 8 8 8 4 -11 -3 -5 3 -2 2 3 -0 -8 -4 -3 -1 -0 7 4 
Tournament matrix: 
0 0.354 0.862 1.322 1.69 1.48 1.664 1.698 1.668 
-0.354 0 0.73 0.81 1 1.142 1.312 1.134 1.206 
-0.862 -0.73 0 0.468 0.706 0.868 0.868 0.854 0.874 
-1.322 -0.81 -0.468 0 0.226 0.33 0.536 0.56 0.44 
-1.69 -1 -0.706 -0.226 0 0.108 0.276 0.36 0.432 
-1.48 -1.142 -0.868 -0.33 -0.108 0 0.06 0.134 0.324 
-1.664 -1.312 -0.868 -0.536 -0.276 -0.06 0 0.126 0.15 
-1.698 -1.134 -0.854 -0.56 -0.36 -0.134 -0.126 0 0.194 
-1.668 -1.206 -0.874 -0.44 -0.432 -0.324 -0.15 -0.194 0 
Equilibrium: 
3.82937e-52 4.42513e-38 6.46991e-28 6.19026e-15 5.82758e-14 2.06383e-10 1.64457e-05 2.34564e-06 0.999981 
EXPLOITABILITY: 5.84394e-06
Game queue size set to 10000
Game 9000
Testing agent 0 and agent 9
7 7 8 3 16 4 14 21 12 8 7 11 8 4 16 4 8 12 14 11 8 13 11 10 5 6 11 6 4 10 13 10 -2 7 8 19 11 13 7 0 13 13 9 20 9 6 10 3 9 12 8 11 7 9 16 1 13 5 7 13 -0 13 11 5 -1 10 18 4 11 -1 12 8 6 4 8 3 5 6 8 4 6 16 7 8 5 18 15 9 3 6 17 14 15 7 2 14 12 12 3 8 
Testing agent 1 and agent 9
9 7 1 9 0 10 7 14 4 9 9 4 2 5 17 6 5 4 9 -2 14 10 6 -3 1 7 1 4 -2 10 10 4 16 11 13 11 8 18 -4 5 3 16 4 9 0 3 6 21 7 2 11 11 9 4 4 10 -0 -2 3 7 5 6 -5 8 8 6 6 8 5 -4 7 3 6 8 4 18 4 11 5 11 13 2 7 11 7 11 11 7 10 2 9 8 11 2 10 9 5 8 5 6 
Testing agent 2 and agent 9
-3 -2 1 11 11 5 6 6 13 8 6 -2 14 3 7 -3 -4 4 8 13 5 6 0 8 7 6 7 9 7 4 6 -4 5 7 -2 8 10 8 7 1 8 3 7 0 10 5 3 6 16 -2 -4 7 -0 8 4 -1 -0 10 -1 -2 -2 7 5 -6 -3 9 -4 6 2 12 9 8 6 4 3 -1 -1 -2 6 -0 6 5 6 8 10 6 11 -5 3 5 8 10 7 6 10 13 2 9 5 9 
Testing agent 3 and agent 9
-6 5 11 4 6 4 8 -4 -6 -5 -1 7 2 -2 -9 -2 0 3 0 5 9 9 5 3 7 0 1 7 10 3 -6 -7 3 5 6 -4 1 4 7 4 -1 4 -3 -2 1 3 2 -2 -4 -4 7 8 2 4 8 -3 3 3 -4 -6 -6 -0 2 -2 5 5 -1 -2 5 -3 6 -1 3 5 9 3 6 5 13 -1 12 -3 3 11 5 14 -3 9 1 -0 8 -5 6 4 -8 -3 -0 6 -6 -4 
Testing agent 4 and agent 9
11 -1 -8 6 -2 -4 -3 6 0 -5 -3 -3 -2 -4 5 5 1 2 6 5 -5 8 -1 2 5 -1 1 5 -3 3 8 1 4 -4 4 -1 -2 -2 5 6 9 4 -1 -2 -4 -5 0 -4 0 -2 2 -0 1 1 -4 -4 8 -2 7 6 6 5 -3 5 -0 -6 10 -3 -3 1 10 6 7 4 2 -4 9 -2 8 -8 3 -7 -8 -3 2 -2 1 9 -4 5 1 -5 -2 12 -1 11 -1 8 8 2 
Testing agent 5 and agent 9
8 -3 8 11 -6 0 0 -2 1 3 -1 6 4 -2 4 6 -1 -4 -8 -1 0 7 0 4 -4 -8 14 4 -8 7 -5 0 6 2 -4 -4 -3 -1 -1 -5 -5 8 2 3 0 7 4 -2 4 -2 10 -3 1 4 1 -0 8 9 -4 2 5 14 8 6 -0 9 2 -4 -4 -1 8 -3 5 -3 -0 5 8 12 -5 3 2 -1 -0 6 5 3 -2 -4 12 4 5 -2 -5 -3 5 -1 9 -6 -6 -5 
Testing agent 6 and agent 9
-4 -6 0 -4 -1 -10 0 -2 11 6 5 -1 5 -4 0 -6 3 -1 -2 -4 0 0 0 4 -5 -5 -7 7 6 -1 5 6 -4 2 -5 5 -4 6 4 -6 -1 5 -6 4 7 8 -7 -6 -1 -4 1 -0 -0 -4 -2 -4 3 1 6 3 -6 -0 -6 -2 4 2 -2 -2 -3 -0 1 1 1 10 5 -5 2 5 -0 6 -0 4 -0 4 -9 -0 5 1 -0 3 -8 -3 6 -5 -2 -0 5 6 3 -4 
Testing agent 7 and agent 9
0 -4 -7 -4 -9 1 0 -1 -3 6 4 0 1 4 0 -4 7 -4 -7 5 -1 -4 -4 -1 -3 1 6 6 3 -2 8 3 -5 0 -2 -6 -4 4 -6 5 -5 -2 0 0 5 -7 -9 -1 -1 0 -4 -4 -4 6 4 -5 7 8 4 -0 -5 -0 1 -0 4 8 -4 -3 -5 6 2 -4 1 -2 -4 2 -7 3 -3 -6 -10 4 -0 4 -4 -0 -0 -4 -7 4 -10 -5 6 -0 -0 1 -4 -4 1 4 
Testing agent 8 and agent 9
5 -4 7 5 7 2 1 -4 6 0 -6 -2 5 5 -1 7 -1 0 -10 -3 3 -1 -6 1 8 5 -2 -5 7 0 1 -4 4 -1 -11 10 4 5 4 -6 -5 8 -6 -3 -5 -4 9 -1 5 -3 -8 6 -0 -7 -8 6 -0 2 -5 -1 9 -8 -5 5 -7 -8 -0 4 -8 -2 -2 2 5 -1 6 4 3 -10 -1 -0 -5 -0 1 -0 -0 -8 -6 8 -8 -0 8 -4 9 6 2 3 2 2 -0 1 
Tournament matrix: 
0 0.354 0.862 1.322 1.69 1.48 1.664 1.698 1.668 1.78 
-0.354 0 0.73 0.81 1 1.142 1.312 1.134 1.206 1.342 
-0.862 -0.73 0 0.468 0.706 0.868 0.868 0.854 0.874 0.952 
-1.322 -0.81 -0.468 0 0.226 0.33 0.536 0.56 0.44 0.402 
-1.69 -1 -0.706 -0.226 0 0.108 0.276 0.36 0.432 0.256 
-1.48 -1.142 -0.868 -0.33 -0.108 0 0.06 0.134 0.324 0.304 
-1.664 -1.312 -0.868 -0.536 -0.276 -0.06 0 0.126 0.15 0.026 
-1.698 -1.134 -0.854 -0.56 -0.36 -0.134 -0.126 0 0.194 -0.13 
-1.668 -1.206 -0.874 -0.44 -0.432 -0.324 -0.15 -0.194 0 0.024 
-1.78 -1.342 -0.952 -0.402 -0.256 -0.304 -0.026 0.13 -0.024 0 
Equilibrium: 
1.4822e-323 1.97626e-323 2.47033e-323 5.43472e-323 6.91692e-323 7.90505e-323 3.06321e-322 0.0689621 0.373746 0.557292 
EXPLOITABILITY: 9.65414e-06
Game queue size set to 10000
Game 10000
Testing agent 0 and agent 10
7 13 6 5 21 12 9 5 7 11 22 7 2 12 2 7 4 11 10 0 8 17 2 7 2 18 19 10 2 5 9 12 7 13 -1 3 13 -1 8 15 11 3 9 1 9 5 13 10 10 6 11 2 7 6 -2 2 14 4 8 13 16 1 13 5 12 4 5 10 1 13 4 11 3 6 10 4 3 12 11 8 -0 9 1 -0 6 10 21 10 1 -1 6 6 2 10 5 2 5 20 11 6 
Testing agent 1 and agent 10
4 4 11 5 3 13 3 6 5 8 0 4 10 9 8 0 6 7 12 7 11 17 5 5 8 -1 2 9 10 11 5 14 8 11 5 1 6 0 8 9 4 12 3 7 6 0 -1 7 7 9 10 4 -0 7 9 5 5 6 12 10 2 12 6 9 2 5 4 12 8 -0 6 17 -3 -0 10 5 15 13 5 9 12 6 9 3 10 6 10 11 5 10 7 9 7 10 7 9 9 17 12 5 
Testing agent 2 and agent 10
-1 8 5 8 4 5 -3 -2 12 9 5 -2 6 4 6 4 6 6 12 4 0 -9 -2 2 5 1 2 -2 10 -2 4 10 11 8 -4 0 -3 1 9 2 8 5 8 3 7 -4 9 -4 6 8 1 7 -0 1 7 3 9 8 10 6 12 -2 -3 1 3 6 9 6 1 8 6 7 4 4 14 9 8 8 1 6 7 -1 -1 -1 4 4 7 6 -4 -4 9 -9 6 -5 -2 15 4 9 13 10 
Testing agent 3 and agent 10
-3 0 -5 -2 5 3 8 6 11 10 8 4 13 16 7 9 8 -3 -1 -3 -2 4 7 -5 5 4 4 10 2 4 -5 -1 0 8 -4 -4 4 1 6 -5 -6 -7 3 -5 9 -3 -4 3 6 9 5 6 -1 2 9 6 7 1 -4 -5 6 -4 6 -3 1 9 -6 10 -7 -8 5 -2 -3 -4 2 -0 -2 9 -0 -3 5 -0 -3 8 6 6 11 -1 6 4 4 2 -1 7 6 10 4 5 1 -6 
Testing agent 4 and agent 10
5 -4 -3 3 9 4 7 11 -4 7 12 -5 8 8 2 -3 5 -5 0 7 8 9 0 2 -6 6 -4 -2 -7 8 3 1 3 6 -4 -4 -1 6 8 8 0 0 0 -5 2 8 -3 4 -7 5 6 -3 -1 3 5 4 -3 -1 1 -1 2 -5 6 6 8 -5 9 5 12 -0 -4 -5 5 9 -4 -2 -6 2 5 -5 6 -1 4 -4 -2 -0 -2 -3 -5 3 -5 -5 4 3 11 -0 -1 -0 9 -1 
Testing agent 5 and agent 10
-6 2 12 1 -2 4 -4 -2 0 -4 -4 8 9 5 -3 7 4 8 11 6 9 6 3 9 4 7 6 -5 4 -2 -4 -4 4 3 -5 5 -4 1 -6 1 -4 6 3 -3 3 6 6 2 -3 -3 -7 10 -5 -3 8 9 -2 5 -3 -1 6 -5 -5 -3 6 10 2 -3 -0 -4 -0 -1 -0 -1 -3 7 9 5 -5 -4 7 4 -3 4 -2 2 9 3 1 -2 -0 -4 -3 2 5 -0 -1 -2 -0 -2 
Testing agent 6 and agent 10
0 -4 -1 6 -1 8 1 -4 -8 8 2 -9 -4 6 9 -1 -5 2 -4 0 6 5 0 6 -2 0 -1 -4 -5 9 -4 -6 -5 3 -4 1 -5 -5 10 -4 1 -3 7 7 4 5 9 -4 0 8 6 4 3 4 -1 -5 12 -4 -13 2 1 -5 4 6 6 -0 4 5 -0 -2 -4 4 6 2 10 3 3 3 -1 -5 -7 -8 -4 7 4 5 -5 -0 8 2 -6 -2 -0 -4 -4 -5 -8 7 -10 -2 
Testing agent 7 and agent 10
0 -4 4 2 -2 4 -2 0 0 4 -4 6 4 -1 -4 -1 -5 4 3 6 1 7 -1 -7 3 -9 4 -4 0 -6 0 -4 -1 -4 -5 1 -9 6 2 -7 4 -1 10 3 -5 -1 4 1 -8 -2 5 -5 -3 11 5 6 -0 4 1 -7 -0 7 2 -5 -8 -5 -8 -2 -0 -0 4 -7 3 -8 6 -2 -0 -2 7 4 5 4 3 -7 -0 6 -1 6 1 7 -0 -3 1 -3 1 -4 -0 5 -1 6 
Testing agent 8 and agent 10
9 -7 0 -6 -3 3 -3 1 4 -6 -6 4 -5 -1 5 0 7 2 2 7 0 2 0 -7 -5 -7 2 3 -4 6 6 -5 0 0 3 0 4 2 -9 -2 1 -6 3 -1 -9 2 6 4 5 3 5 -3 -3 4 -1 -0 -0 5 -3 -3 9 -9 5 2 10 -4 4 -4 7 -5 1 4 -0 -1 -1 -0 2 -0 -0 1 5 7 1 11 -8 -6 -1 2 3 -5 4 -5 4 -3 1 4 -5 7 -6 1 
Testing agent 9 and agent 10
-8 0 3 7 -6 -4 1 -5 3 11 0 -4 -5 2 -6 -7 4 -4 -5 5 1 -5 4 7 -5 7 3 -6 -6 -12 4 -4 1 1 -5 -3 -5 -2 -4 -4 6 6 5 -7 11 -7 4 -5 2 5 -5 -0 4 -2 5 9 -6 3 -4 -0 -8 5 4 2 -4 4 3 2 -5 -5 4 3 2 2 5 -2 -6 -4 -8 4 3 4 -8 2 4 -5 -1 1 -6 4 -0 -1 3 -8 4 4 -4 5 -0 -6 
Tournament matrix: 
0 0.354 0.862 1.322 1.69 1.48 1.664 1.698 1.668 1.78 1.53 
-0.354 0 0.73 0.81 1 1.142 1.312 1.134 1.206 1.342 1.404 
-0.862 -0.73 0 0.468 0.706 0.868 0.868 0.854 0.874 0.952 0.824 
-1.322 -0.81 -0.468 0 0.226 0.33 0.536 0.56 0.44 0.402 0.47 
-1.69 -1 -0.706 -0.226 0 0.108 0.276 0.36 0.432 0.256 0.324 
-1.48 -1.142 -0.868 -0.33 -0.108 0 0.06 0.134 0.324 0.304 0.274 
-1.664 -1.312 -0.868 -0.536 -0.276 -0.06 0 0.126 0.15 0.026 0.092 
-1.698 -1.134 -0.854 -0.56 -0.36 -0.134 -0.126 0 0.194 -0.13 0.03 
-1.668 -1.206 -0.874 -0.44 -0.432 -0.324 -0.15 -0.194 0 0.024 0.074 
-1.78 -1.342 -0.952 -0.402 -0.256 -0.304 -0.026 0.13 -0.024 0 -0.068 
-1.53 -1.404 -0.824 -0.47 -0.324 -0.274 -0.092 -0.03 -0.074 0.068 0 
Equilibrium: 
1.4822e-323 1.97626e-323 2.47033e-323 5.43472e-323 7.41098e-323 7.90505e-323 3.11261e-322 0.0689545 0.373703 0.557343 2.18309e-54 
EXPLOITABILITY: 9.55475e-06
Game queue size set to 10000
Game 11000
Testing agent 0 and agent 11
17 15 7 1 5 9 1 3 7 11 1 7 8 16 9 6 14 9 5 6 14 11 10 6 -2 0 15 2 2 22 7 5 8 7 0 10 10 -4 17 3 11 7 1 13 -3 0 6 7 -4 12 8 6 11 8 10 6 5 14 5 17 9 5 8 13 8 8 10 7 3 13 7 10 6 5 10 18 6 9 4 10 2 10 14 8 10 14 7 6 11 3 8 11 7 3 3 4 8 6 8 12 
Testing agent 1 and agent 11
7 -4 1 12 7 -1 7 -3 5 8 3 1 8 7 3 4 17 -1 9 17 11 12 7 7 6 6 -3 0 2 9 14 9 3 13 10 4 15 8 12 5 3 -1 16 1 9 10 9 15 4 5 4 5 1 7 -1 8 7 11 9 7 -1 6 10 8 6 4 5 14 -1 5 7 11 4 -3 10 5 6 7 8 7 4 6 17 6 6 -1 5 -3 6 5 3 11 -1 11 1 6 5 3 10 2 
Testing agent 2 and agent 11
-7 5 -1 -4 -2 13 8 7 -4 10 -1 1 9 10 1 3 -4 5 8 3 3 10 4 1 7 8 0 8 9 11 1 -3 12 4 -3 6 11 13 6 1 14 4 3 7 6 9 3 5 10 7 -2 7 9 5 10 6 4 8 10 6 8 6 9 3 5 -3 9 12 6 6 -4 8 10 8 12 6 -2 9 -4 4 -3 11 9 -1 -3 -4 1 -5 -3 -7 9 -3 4 10 4 7 7 -2 13 7 
Testing agent 3 and agent 11
6 -4 10 7 1 5 3 4 4 5 6 5 6 7 -1 -5 0 5 6 6 10 7 -2 10 -7 8 -1 7 2 6 -6 -6 -7 8 -3 3 -1 4 -5 0 5 6 0 3 14 5 -4 1 7 -8 -7 6 13 14 6 -1 9 10 6 -6 4 3 -0 -4 -2 -5 -0 -0 13 -0 8 4 8 4 -4 -4 -0 8 -2 3 -3 5 -5 5 7 5 4 -0 2 -0 4 7 -5 7 6 2 7 3 7 8 
Testing agent 4 and agent 11
-3 8 -1 6 -4 6 -7 -6 4 7 7 -6 5 -4 1 -4 6 13 7 1 6 -2 -4 0 -2 -3 -7 -1 -4 10 -7 3 -3 -4 -4 7 4 -1 4 -3 4 -1 7 4 0 -2 -9 3 4 -6 5 7 5 1 1 4 11 1 8 -1 -1 8 -3 7 6 -5 -3 -5 4 5 5 -3 5 -7 5 7 -1 4 -5 -0 5 9 -2 8 6 6 -0 -6 2 -3 -2 4 -3 -1 -2 -4 -1 2 5 2 
Testing agent 5 and agent 11
6 -2 -1 3 -4 0 2 -2 -1 -9 -5 3 5 -1 2 -2 4 0 4 0 1 5 0 0 -6 11 4 8 8 0 -4 6 -4 -1 7 -4 0 -7 3 -4 0 4 -7 -1 7 -5 -1 7 7 0 -4 -2 -3 -4 -7 3 2 -5 -3 -0 -7 5 2 -1 7 -2 3 5 8 -5 7 -6 -2 5 5 -5 1 -2 -4 -6 6 8 8 -4 -4 -5 6 5 2 -6 2 5 -0 -5 8 -2 2 -1 -1 -3 
Testing agent 6 and agent 11
2 -7 6 2 -6 0 5 6 5 -1 -5 -3 0 4 -4 -7 0 5 1 8 -3 -3 -4 3 8 -8 0 4 -2 -7 6 0 0 4 -6 -6 -5 5 5 3 3 4 2 -4 -4 -5 1 -4 6 -6 2 -0 -4 4 -4 -5 4 4 4 1 -5 -1 4 -3 1 3 2 8 -4 -0 -5 1 -3 -10 8 4 5 -0 6 -0 8 -7 -8 4 -0 -4 -4 6 -4 5 7 -5 3 -3 6 2 4 6 -6 -0 
Testing agent 7 and agent 11
7 2 -5 10 4 -8 -7 1 -4 6 10 -4 -1 -7 -2 -4 -5 -3 8 -2 -3 -1 7 2 0 5 -6 1 7 2 2 -4 8 0 8 4 -4 -6 9 -2 1 -5 0 -6 0 4 4 4 10 4 -0 -3 -4 -1 -2 3 -6 -6 -6 -10 -6 -4 -6 -0 1 -0 -3 -1 6 -1 1 6 -4 -3 3 3 2 -0 1 -5 2 1 -5 -1 10 1 -0 2 -4 -5 5 -0 -7 -9 4 -6 -7 -4 -0 -5 
Testing agent 8 and agent 11
3 2 1 -8 -5 5 -8 -4 -4 -5 0 4 6 -4 -4 -2 -3 4 -1 -4 -4 5 7 -7 0 -4 2 0 9 9 1 7 0 -7 0 -5 -2 4 2 0 -4 1 -6 8 -2 10 -7 4 2 -6 8 -5 8 -5 2 -0 -8 -6 2 -3 -4 -7 -0 4 12 5 2 -4 -4 -0 2 -2 -6 -6 3 -0 4 -6 -0 -4 -9 1 -4 4 -1 -5 -4 8 6 -0 1 -2 -3 -6 -7 10 -5 2 2 -0 
Testing agent 9 and agent 11
0 -4 5 -8 3 -4 6 1 0 0 1 -4 0 -3 5 2 3 0 3 5 0 6 -3 1 -5 3 5 -7 -4 3 -5 -3 -3 1 0 -2 1 4 8 3 -5 4 -9 -4 2 0 3 -2 -1 -6 -7 -1 4 -3 -4 -0 -0 3 -1 -5 7 -6 -5 7 -5 -0 -10 5 -0 -0 -3 -4 -7 -0 -5 7 -5 -0 1 -8 -5 -8 -4 4 -4 4 -6 4 3 -9 1 2 4 -3 1 -7 1 8 2 -0 
Testing agent 10 and agent 11
-7 0 5 3 0 -6 9 -5 -2 -3 -1 7 -6 -11 -8 -4 1 2 0 -8 -6 1 0 4 -4 6 3 -6 3 6 0 4 -5 -7 -5 -3 2 -4 7 5 -7 5 5 2 -8 5 0 8 -7 6 6 9 3 -3 -4 -4 -0 5 -1 2 1 -0 -8 4 -5 -8 -1 2 3 3 -2 -0 2 6 4 -2 -6 -0 -10 -2 5 -0 -0 6 6 -2 -7 -0 -5 -8 -3 5 6 -3 3 7 -7 -6 -0 2 
Tournament matrix: 
0 0.354 0.862 1.322 1.69 1.48 1.664 1.698 1.668 1.78 1.53 1.528 
-0.354 0 0.73 0.81 1 1.142 1.312 1.134 1.206 1.342 1.404 1.212 
-0.862 -0.73 0 0.468 0.706 0.868 0.868 0.854 0.874 0.952 0.824 0.918 
-1.322 -0.81 -0.468 0 0.226 0.33 0.536 0.56 0.44 0.402 0.47 0.564 
-1.69 -1 -0.706 -0.226 0 0.108 0.276 0.36 0.432 0.256 0.324 0.238 
-1.48 -1.142 -0.868 -0.33 -0.108 0 0.06 0.134 0.324 0.304 0.274 0.084 
-1.664 -1.312 -0.868 -0.536 -0.276 -0.06 0 0.126 0.15 0.026 0.092 0.05 
-1.698 -1.134 -0.854 -0.56 -0.36 -0.134 -0.126 0 0.194 -0.13 0.03 -0.064 
-1.668 -1.206 -0.874 -0.44 -0.432 -0.324 -0.15 -0.194 0 0.024 0.074 -0.08 
-1.78 -1.342 -0.952 -0.402 -0.256 -0.304 -0.026 0.13 -0.024 0 -0.068 -0.122 
-1.53 -1.404 -0.824 -0.47 -0.324 -0.274 -0.092 -0.03 -0.074 0.068 0 -0.062 
-1.528 -1.212 -0.918 -0.564 -0.238 -0.084 -0.05 0.064 0.08 0.122 0.062 0 
Equilibrium: 
1.4822e-323 1.97626e-323 2.47033e-323 5.43472e-323 7.41098e-323 7.90505e-323 3.11261e-322 0.0689556 0.373705 0.557339 2.49576e-53 2.42092e-322 
EXPLOITABILITY: 9.38295e-06
Game queue size set to 10000
Game 12000
Testing agent 0 and agent 12
10 22 1 10 7 0 4 9 2 12 0 3 5 1 7 15 7 9 -1 -4 14 16 28 4 6 1 6 8 7 13 12 14 11 4 13 11 21 4 3 24 1 5 14 8 15 7 7 16 2 10 9 13 9 13 14 10 1 -0 6 13 11 -0 8 4 21 3 12 10 16 16 18 8 4 9 22 23 14 19 4 5 5 13 5 8 14 14 7 8 6 10 5 8 5 6 1 17 10 16 11 7 
Testing agent 1 and agent 12
4 9 6 11 17 6 5 4 4 4 15 3 19 19 11 6 13 11 0 5 4 16 6 -1 9 8 -2 3 4 -1 8 6 10 -1 -1 9 0 12 7 17 2 10 12 10 -4 12 1 0 7 6 5 5 4 -2 4 5 12 -2 8 13 7 4 9 -2 2 -0 15 10 10 7 12 5 7 6 11 8 6 5 4 5 5 5 4 7 10 13 7 5 14 10 6 12 6 8 7 14 16 8 3 10 
Testing agent 2 and agent 12
6 12 3 1 5 5 5 7 6 4 1 3 5 4 7 4 11 9 11 8 10 1 8 11 0 7 0 5 0 -1 7 8 3 -8 -1 7 6 -1 -2 11 6 11 9 1 -5 -2 6 5 0 2 8 3 -6 1 3 11 -4 6 8 7 -4 8 -2 -1 -1 -3 6 3 6 4 11 7 4 2 4 10 10 5 4 12 5 6 4 9 16 15 -4 7 10 8 5 4 8 8 8 6 -2 7 -2 7 
Testing agent 3 and agent 12
5 7 -5 8 -5 0 -5 4 9 0 -10 2 1 0 1 -4 -1 -6 4 7 8 8 -4 -4 -3 7 0 -8 4 4 6 -3 7 7 0 -5 -5 -3 2 10 9 12 5 5 1 7 10 5 -4 -1 2 5 5 8 -4 9 5 1 7 7 -3 6 10 10 5 1 3 -6 10 5 4 11 -0 4 6 -0 5 2 -3 8 7 -3 3 9 4 3 -2 2 2 10 7 -2 7 -4 -1 9 11 5 -4 -4 
Testing agent 4 and agent 12
-7 -7 17 2 16 -2 -4 1 -1 8 -2 4 6 -4 2 5 0 -5 8 2 6 1 5 4 -3 -1 3 9 -1 -3 -2 0 4 -5 -5 4 -6 3 5 -4 -2 1 5 3 10 3 -10 -4 2 0 -4 8 -4 -0 8 -5 -1 4 -3 7 -6 -0 7 -0 6 11 1 -1 -8 -1 8 10 2 -4 -2 -1 13 1 -4 4 4 -0 6 -1 9 7 9 8 5 -0 2 1 4 4 4 6 -4 -0 -0 -1 
Testing agent 5 and agent 12
2 -3 -4 -4 -2 -5 6 -6 12 -5 -7 -8 9 2 2 5 -5 6 5 -8 -1 4 -5 2 3 -6 9 4 1 2 0 7 -12 -2 0 -5 -1 8 5 -3 0 -4 -2 -4 3 0 4 3 -5 -2 -4 6 -0 5 6 5 -4 4 -5 -4 6 -6 -6 -3 -3 3 -0 4 -2 4 3 4 6 -1 2 -2 -3 9 5 4 -6 -4 -2 5 9 -5 -0 9 8 -3 1 -2 7 7 -0 2 -4 10 -1 -6 
Testing agent 6 and agent 12
-4 -1 -1 -8 8 3 0 -3 3 -3 5 5 -3 3 3 -4 7 -3 7 0 6 -4 -6 -2 -5 -5 4 -5 4 5 4 3 -5 3 1 1 4 4 9 1 -5 5 3 3 7 7 0 -3 4 4 6 7 -5 -0 8 1 -4 -1 -7 -4 -6 -3 -2 -4 -4 2 -5 10 6 3 -6 3 10 6 2 -0 3 4 -5 6 5 -0 -3 5 2 10 -6 5 8 -0 8 6 -2 4 -1 -1 5 3 -6 -7 
Testing agent 7 and agent 12
2 6 3 5 1 -3 5 -6 1 -1 10 -1 -7 5 -5 6 -4 -4 6 -6 3 6 2 -1 -10 3 5 1 7 -7 3 4 1 5 -4 1 -4 6 6 0 6 3 7 4 10 4 4 -1 -4 3 3 -5 1 -1 -0 -5 -2 4 5 -4 3 6 14 -4 7 4 -1 -6 -1 -4 -6 -3 -4 3 1 -3 7 3 -9 3 4 4 -1 -8 -3 2 8 -9 -3 -3 -0 11 9 -7 4 -5 -1 -4 5 4 
Testing agent 8 and agent 12
0 -5 3 1 0 7 6 4 3 5 2 -2 5 -1 -4 -2 7 -4 2 0 -4 4 -5 0 5 1 2 -7 6 5 -1 3 -4 0 6 -6 9 0 -3 -4 -3 0 -5 2 4 7 5 0 3 6 -9 -4 -4 -0 6 7 3 5 7 -1 -8 -1 2 -0 9 -9 6 4 3 -4 -5 -2 -3 7 -7 -9 2 -7 6 -3 4 -7 -7 6 5 -3 -4 7 -4 -0 7 -1 -2 -0 6 8 4 4 -0 -4 
Testing agent 9 and agent 12
-2 8 -5 3 -4 -7 -6 0 11 -5 5 6 7 2 -6 -3 2 6 7 1 -1 6 6 5 2 1 -2 -6 6 1 -3 6 7 2 2 6 1 -3 5 0 1 7 0 0 -6 1 -7 -5 -5 3 1 -1 -7 8 9 5 -6 3 -4 5 -7 -6 5 9 -2 -3 -4 -4 -4 -6 4 -9 -6 -4 5 5 -2 2 1 7 -2 1 7 -7 5 4 3 -1 1 -0 -4 -2 1 5 -4 -4 10 4 -3 3 
Testing agent 10 and agent 12
-4 -6 -1 0 -5 4 -1 4 -5 -6 0 6 4 -4 -2 -6 -1 4 0 0 -2 0 3 -4 -4 6 -6 -6 -3 6 -1 6 -7 -5 7 -3 6 -3 -2 -4 1 -7 -3 0 -2 -3 -4 -1 1 -4 -0 2 -3 2 7 1 5 -1 4 2 -2 -0 -10 -4 -7 4 -5 -4 -4 5 -4 -1 6 -7 -2 -0 -3 -0 2 -9 6 -5 4 -0 1 -5 3 -0 1 3 -1 6 -4 -2 4 4 8 -0 -5 9 
Testing agent 11 and agent 12
6 -1 4 -4 2 5 -8 5 0 3 5 -6 -6 0 2 5 -2 -2 -3 5 0 0 2 4 -3 -2 -1 -3 4 -4 2 -3 4 0 4 4 -5 -3 2 -2 4 6 -1 4 -6 0 -5 -2 -6 -3 -7 2 -3 -1 5 1 -2 9 3 -1 -2 2 1 -7 2 8 4 4 6 5 -9 -3 6 4 3 -6 -8 5 -6 3 5 -5 -4 3 3 7 4 -4 -5 -0 -0 5 5 6 -3 -7 -0 5 -8 6 
Tournament matrix: 
0 0.354 0.862 1.322 1.69 1.48 1.664 1.698 1.668 1.78 1.53 1.528 1.83 
-0.354 0 0.73 0.81 1 1.142 1.312 1.134 1.206 1.342 1.404 1.212 1.388 
-0.862 -0.73 0 0.468 0.706 0.868 0.868 0.854 0.874 0.952 0.824 0.918 0.936 
-1.322 -0.81 -0.468 0 0.226 0.33 0.536 0.56 0.44 0.402 0.47 0.564 0.542 
-1.69 -1 -0.706 -0.226 0 0.108 0.276 0.36 0.432 0.256 0.324 0.238 0.34 
-1.48 -1.142 -0.868 -0.33 -0.108 0 0.06 0.134 0.324 0.304 0.274 0.084 0.106 
-1.664 -1.312 -0.868 -0.536 -0.276 -0.06 0 0.126 0.15 0.026 0.092 0.05 0.224 
-1.698 -1.134 -0.854 -0.56 -0.36 -0.134 -0.126 0 0.194 -0.13 0.03 -0.064 0.178 
-1.668 -1.206 -0.874 -0.44 -0.432 -0.324 -0.15 -0.194 0 0.024 0.074 -0.08 0.126 
-1.78 -1.342 -0.952 -0.402 -0.256 -0.304 -0.026 0.13 -0.024 0 -0.068 -0.122 0.122 
-1.53 -1.404 -0.824 -0.47 -0.324 -0.274 -0.092 -0.03 -0.074 0.068 0 -0.062 -0.112 
-1.528 -1.212 -0.918 -0.564 -0.238 -0.084 -0.05 0.064 0.08 0.122 0.062 0 0.064 
-1.83 -1.388 -0.936 -0.542 -0.34 -0.106 -0.224 -0.178 -0.126 -0.122 0.112 -0.064 0 
Equilibrium: 
1.4822e-323 1.4822e-323 2.47033e-323 4.94066e-323 7.90505e-323 9.88131e-323 2.51973e-322 3.58013e-20 3.8713e-307 0.370806 0.404033 2.91499e-322 0.225161 
EXPLOITABILITY: 9.05705e-06
Game queue size set to 10000
Game 13000
Testing agent 0 and agent 13
14 13 5 8 13 10 9 7 16 3 7 6 5 11 10 5 7 9 5 13 10 7 9 12 11 9 16 7 11 12 -4 1 3 6 10 -1 1 7 12 4 5 0 0 4 23 19 6 14 2 7 9 7 10 9 12 2 13 4 5 7 4 6 7 6 9 4 6 13 12 7 6 11 8 8 11 12 8 7 10 12 10 8 11 19 11 8 10 18 11 16 7 18 -4 6 3 6 4 9 5 15 
Testing agent 1 and agent 13
7 4 8 3 10 5 3 10 8 0 11 5 7 15 5 15 -2 3 4 11 5 5 3 15 6 -4 1 5 11 6 -3 6 4 13 5 1 -2 9 10 10 6 10 14 15 3 -1 7 -2 11 12 6 10 4 7 3 4 6 12 -3 4 5 5 6 16 -5 8 6 13 6 9 10 3 4 5 1 10 6 5 14 7 4 11 10 -1 7 15 4 9 9 10 -3 12 9 11 18 3 -1 4 3 12 
Testing agent 2 and agent 13
7 5 5 6 5 12 5 -4 16 14 -4 1 0 -6 6 -1 -2 8 -4 13 4 8 9 -1 5 6 -7 4 12 -2 7 13 4 6 6 4 6 -1 6 12 6 8 -4 10 6 -7 4 10 -4 -2 -1 9 5 14 9 11 -2 5 -1 1 11 8 3 -2 9 -2 5 6 6 -1 13 -2 -1 -3 8 3 3 7 5 7 4 -1 10 4 16 8 9 -1 7 7 4 -2 3 8 -6 10 6 7 5 -0 
Testing agent 3 and agent 13
6 12 5 6 8 6 3 9 8 -1 -5 6 -6 5 6 3 5 9 -8 7 5 5 -1 3 -5 9 -4 8 3 9 -6 -6 7 0 5 4 -1 -1 1 5 -6 5 7 8 7 -1 6 -6 -2 -4 7 11 1 11 6 4 -1 -5 -3 -1 -1 1 4 5 7 5 7 -4 14 -3 2 -1 -2 4 12 1 -8 -0 9 5 8 -1 9 5 14 -5 1 7 -5 5 -4 2 -4 4 -0 8 -0 -0 5 7 
Testing agent 4 and agent 13
0 5 -3 3 2 -3 -5 -1 -8 7 -5 0 1 5 -2 9 7 9 3 3 -7 5 11 -2 2 5 5 0 14 -3 0 -4 5 0 -1 7 -6 0 -2 -5 0 2 5 2 5 9 -4 2 -8 -3 -4 2 8 -4 7 11 5 -1 4 7 6 -1 -6 -3 1 -0 -1 6 7 6 4 -1 4 -2 5 4 -4 3 7 -0 1 8 -3 6 4 -1 5 -2 -1 1 6 4 -2 -0 9 5 -1 6 -0 -1 
Testing agent 5 and agent 13
6 7 -2 8 5 -5 -3 -1 5 6 -3 2 6 4 8 8 4 4 0 0 8 -4 5 -4 4 -4 -1 4 7 5 10 -5 10 4 -2 5 -8 -5 -1 3 7 4 -2 -2 4 -4 -3 4 -7 4 -0 -3 -0 -8 3 -1 8 7 13 -2 4 -8 -7 7 9 -4 -4 -2 6 8 5 7 6 8 1 1 7 -5 -4 3 5 -5 1 -1 3 4 4 5 3 1 7 8 -8 -3 2 3 3 -4 -0 -2 
Testing agent 6 and agent 13
0 0 0 -2 -1 -7 -1 -6 5 -4 -3 -1 -5 -3 -2 0 -5 6 -4 -7 -3 0 -3 4 -5 -4 8 -4 6 5 -6 -2 -6 -8 0 0 -4 6 7 -6 0 12 -4 -8 -5 5 -2 -4 3 4 -4 4 9 8 1 1 -1 -0 -3 -0 -0 -1 10 1 -6 6 -7 -0 -1 -1 9 4 -2 -1 9 -2 -5 4 4 5 -7 6 11 -0 -6 2 -5 6 -5 -3 -5 6 -4 -4 5 8 -4 -4 -2 -6 
Testing agent 7 and agent 13
5 -4 -5 6 -1 -2 4 -4 5 3 -5 -5 1 0 -5 -1 7 -2 3 -5 6 -7 -4 1 6 -2 5 4 -1 -7 4 -9 -4 7 0 -7 -7 -5 0 -6 -1 -3 2 -8 -2 -3 3 4 1 -4 4 -3 1 6 3 5 -3 -7 -7 6 6 -2 -0 -3 -8 4 -2 4 4 -3 6 10 -2 2 5 -2 -8 4 3 5 -1 6 3 -5 -4 -0 2 -4 -9 -4 5 5 -0 -5 4 1 -2 -8 3 8 
Testing agent 8 and agent 13
-4 -2 -8 6 6 7 -3 4 1 2 6 8 -3 4 -2 -1 4 0 -8 6 0 4 6 -6 -1 -2 -8 11 5 -5 -1 -6 7 -2 -5 4 7 -1 1 7 5 -4 -5 3 -5 5 4 -1 3 4 5 1 4 -1 4 7 -2 4 9 1 -0 5 5 -2 -3 -10 3 -5 1 4 -3 6 -2 -7 -1 -2 -4 -0 5 -6 -3 5 4 5 4 3 -7 -7 5 7 1 -0 5 7 -0 -3 -6 -7 -1 -1 
Testing agent 9 and agent 13
8 2 -5 7 -1 -4 0 -2 -5 -5 0 2 -4 -3 -1 -4 -4 7 -5 3 2 -4 -4 0 -5 0 -6 -2 10 -2 -3 -8 9 0 3 0 -3 5 0 8 -5 5 -6 0 7 -4 -4 4 -4 2 -6 7 -2 4 -11 2 4 4 2 -2 -6 -4 3 -4 3 -0 -8 4 -3 -1 -3 -6 1 3 6 -3 -4 1 -3 -1 -4 9 -0 -5 4 -3 -5 -2 -0 5 5 4 8 -0 4 3 -2 6 -0 -7 
Testing agent 10 and agent 13
1 -4 0 5 -2 2 7 3 8 -1 0 -2 1 8 3 5 3 0 4 12 5 7 -7 4 6 1 -8 -1 6 -8 -6 0 6 -3 0 4 -3 -2 4 4 4 1 5 3 -1 6 0 2 -1 6 3 -0 3 1 -0 1 -5 -5 6 -2 7 -0 -0 5 -0 6 6 -0 -0 4 2 -0 4 -6 -2 4 -5 1 -4 -2 -3 4 -0 -6 6 -8 4 -3 -5 -4 6 -0 -0 -4 -9 -5 6 2 -0 -1 
Testing agent 11 and agent 13
6 -1 -2 -4 -7 2 0 3 -9 -1 -1 4 -4 -5 10 -4 -3 0 -6 5 -7 5 -5 0 5 5 6 4 -1 -1 0 0 -6 -8 4 3 6 -5 -12 -2 -2 -1 -5 4 -3 -2 5 -6 -1 -6 -7 -0 -3 6 3 4 -0 -3 2 4 3 -7 -4 -5 -2 -8 -3 -4 3 4 -3 6 4 -1 -3 5 7 8 5 -0 -10 -3 -4 5 -2 3 -2 -1 -4 4 -7 2 -10 6 -1 6 3 -4 6 1 
Testing agent 12 and agent 13
2 -5 -1 4 0 -3 -8 5 -5 -6 -9 8 2 7 0 4 1 -11 -4 3 2 2 -2 1 -4 0 4 0 9 -2 4 3 2 -2 -7 3 -2 0 -4 8 -6 5 -4 -1 -5 -3 -3 3 0 1 3 -3 6 6 1 -1 -3 6 -0 -1 -9 7 -2 -7 4 6 -2 8 -7 -2 -4 4 -10 -0 1 4 -6 -9 -8 2 8 2 4 -0 -5 -1 4 -0 5 -1 -7 -5 6 9 5 -7 -7 6 -2 3 
Tournament matrix: 
0 0.354 0.862 1.322 1.69 1.48 1.664 1.698 1.668 1.78 1.53 1.528 1.83 1.67 
-0.354 0 0.73 0.81 1 1.142 1.312 1.134 1.206 1.342 1.404 1.212 1.388 1.292 
-0.862 -0.73 0 0.468 0.706 0.868 0.868 0.854 0.874 0.952 0.824 0.918 0.936 0.882 
-1.322 -0.81 -0.468 0 0.226 0.33 0.536 0.56 0.44 0.402 0.47 0.564 0.542 0.562 
-1.69 -1 -0.706 -0.226 0 0.108 0.276 0.36 0.432 0.256 0.324 0.238 0.34 0.35 
-1.48 -1.142 -0.868 -0.33 -0.108 0 0.06 0.134 0.324 0.304 0.274 0.084 0.106 0.352 
-1.664 -1.312 -0.868 -0.536 -0.276 -0.06 0 0.126 0.15 0.026 0.092 0.05 0.224 -0.048 
-1.698 -1.134 -0.854 -0.56 -0.36 -0.134 -0.126 0 0.194 -0.13 0.03 -0.064 0.178 -0.038 
-1.668 -1.206 -0.874 -0.44 -0.432 -0.324 -0.15 -0.194 0 0.024 0.074 -0.08 0.126 0.148 
-1.78 -1.342 -0.952 -0.402 -0.256 -0.304 -0.026 0.13 -0.024 0 -0.068 -0.122 0.122 -0.044 
-1.53 -1.404 -0.824 -0.47 -0.324 -0.274 -0.092 -0.03 -0.074 0.068 0 -0.062 -0.112 0.178 
-1.528 -1.212 -0.918 -0.564 -0.238 -0.084 -0.05 0.064 0.08 0.122 0.062 0 0.064 -0.088 
-1.83 -1.388 -0.936 -0.542 -0.34 -0.106 -0.224 -0.178 -0.126 -0.122 0.112 -0.064 0 -0.026 
-1.67 -1.292 -0.882 -0.562 -0.35 -0.352 0.048 0.038 -0.148 0.044 -0.178 0.088 0.026 0 
Equilibrium: 
1.4822e-323 1.4822e-323 2.47033e-323 4.44659e-323 6.91692e-323 1.13635e-322 2.07508e-322 2.76677e-322 1.87745e-322 2.2636e-287 0.0822778 3.50362e-62 0.563128 0.354594 
EXPLOITABILITY: 8.67522e-06
Game queue size set to 10000
Game 14000
Testing agent 0 and agent 14
5 5 -1 5 17 5 7 1 10 22 14 0 15 10 10 9 14 3 13 9 -3 5 7 2 -1 2 13 8 12 9 4 6 13 7 2 3 2 5 7 10 4 10 9 16 10 13 6 12 5 6 11 15 12 -3 2 5 11 3 6 5 21 5 18 2 3 12 2 11 7 15 -1 -0 2 21 4 -4 15 17 14 7 17 7 6 12 4 8 6 6 8 4 5 5 15 -5 4 -0 9 5 15 10 
Testing agent 1 and agent 14
7 -2 12 13 -4 12 8 1 11 5 16 11 -1 4 5 5 5 5 4 7 7 8 10 5 7 4 -2 13 9 4 12 7 13 6 8 10 5 -4 15 9 11 7 5 6 9 3 15 2 7 8 4 13 5 4 12 9 4 11 9 -5 9 9 6 9 5 4 5 11 5 5 8 -1 7 13 7 10 10 6 8 6 -0 3 7 5 5 -2 3 7 10 7 -3 8 -2 11 -0 4 14 4 11 11 
Testing agent 2 and agent 14
3 11 7 -4 7 -2 11 15 -5 3 16 7 12 3 -1 8 12 4 -3 -3 0 4 -4 1 6 14 10 -5 -1 8 5 19 3 9 7 12 7 5 8 16 1 6 0 7 9 2 9 -6 5 4 3 8 -0 4 -3 6 -1 7 -0 8 4 -6 4 5 5 -0 5 -3 -4 13 11 5 5 8 9 -1 10 -4 -2 1 -2 3 4 -0 5 5 8 -1 -3 -0 7 3 14 3 -2 6 6 2 3 -1 
Testing agent 3 and agent 14
-1 5 1 5 3 -3 3 11 -5 -4 1 14 0 -5 -4 -3 7 0 -8 -4 1 6 14 5 4 -4 2 11 4 8 10 9 4 7 7 8 -4 -3 5 0 11 -7 5 -3 0 -5 -5 5 -1 -1 9 -3 1 -3 7 6 1 3 7 4 12 6 3 7 8 -6 -1 8 -0 5 5 4 1 -4 7 6 1 1 8 5 10 -2 4 -5 -4 4 -6 7 8 8 7 -0 4 -5 -2 -4 -1 -1 -6 5 
Testing agent 4 and agent 14
-5 8 0 8 3 -2 -2 2 6 3 -1 6 -6 9 -1 1 9 0 5 4 5 7 6 -3 -3 12 -3 7 -3 -3 6 0 6 3 -5 6 2 -2 -4 8 2 9 9 9 -3 2 8 7 -4 -6 -3 5 -2 12 -5 9 -2 4 5 16 9 4 1 5 -0 5 6 5 14 1 6 4 3 2 8 2 -6 -7 6 -6 8 6 3 3 8 -0 5 -1 6 12 8 4 -2 -0 -1 -2 4 -2 -0 7 
Testing agent 5 and agent 14
11 12 -6 -3 4 4 3 4 4 8 11 2 0 0 6 7 10 -6 5 4 0 3 -5 2 4 7 -1 4 5 7 4 -5 -2 6 -8 3 -2 5 2 -4 -6 3 6 4 11 8 12 1 8 8 -4 5 2 7 4 6 -2 3 2 -2 -4 5 -4 -0 7 7 6 4 -3 -2 -2 4 -4 -0 -4 6 -7 7 6 3 -4 -4 1 -4 -2 6 -0 -12 -1 4 3 4 4 9 -1 -0 8 -0 -2 -2 
Testing agent 6 and agent 14
5 1 7 -2 -3 -2 6 0 4 6 1 0 1 -5 7 -7 11 0 -3 4 -4 9 2 0 8 -4 1 -1 -4 4 -5 0 3 -2 5 -2 3 4 1 9 4 -1 1 -2 -2 4 0 3 -2 5 11 7 -6 -3 -2 1 -4 -0 -0 1 7 -0 -1 3 1 -9 4 7 11 -0 8 -1 4 9 -0 10 -11 -3 5 5 -4 -3 6 4 5 6 6 5 -0 6 -5 2 -9 3 -8 3 -2 -0 -6 -5 
Testing agent 7 and agent 14
3 6 -7 3 -4 -4 -2 2 -4 -10 7 -4 8 0 6 7 8 -5 3 7 5 4 6 -2 0 4 7 5 -2 -4 -6 -4 1 -4 7 -5 -5 3 1 -3 -1 -1 3 1 -1 5 -3 -1 -5 4 8 -4 -4 -4 -7 -0 -2 1 1 -7 1 -5 -0 8 6 -1 -6 -1 10 -4 4 6 1 6 -2 10 3 -0 -5 -1 -6 3 -1 -2 -4 1 2 -0 -0 6 -5 -2 7 3 8 2 -7 8 7 -0 
Testing agent 8 and agent 14
0 -8 -4 -1 0 0 -4 4 3 4 1 4 -6 7 7 0 3 5 0 -3 6 -4 0 7 2 -5 4 0 -1 7 -7 -3 -1 6 6 1 -3 4 0 -4 8 5 -4 -3 0 -4 5 2 5 -4 -0 7 -1 5 -3 8 -0 -8 1 5 7 -3 8 5 -1 -0 -3 -4 -1 -1 -7 9 5 -1 -4 -0 -4 6 11 -2 -4 -1 3 -4 -0 6 3 7 6 -3 -5 -6 -6 13 -0 3 -0 8 -2 5 
Testing agent 9 and agent 14
1 3 -4 1 4 8 4 8 0 -4 8 0 4 5 0 8 6 -5 -1 5 7 5 0 3 0 1 4 3 -5 -2 3 -4 -3 -2 -6 -2 6 -3 8 4 6 2 9 -5 -4 0 -4 7 5 4 -4 5 -4 -1 -7 -3 4 3 4 -4 2 -0 5 -4 4 1 -6 -10 6 4 3 -8 -7 -6 -4 5 3 5 -1 -4 3 -0 5 7 -5 4 -0 6 4 -4 -8 -4 1 -0 2 6 -8 -7 -4 -2 
Testing agent 10 and agent 14
0 1 -4 1 0 -3 -7 0 4 -3 6 6 3 -5 9 -8 0 -6 4 4 5 1 7 1 -3 3 -6 -5 4 3 0 -2 -1 3 3 -4 -3 -8 5 0 -7 -7 3 3 -3 -3 7 9 -4 5 2 -6 -6 4 -2 7 3 -4 8 3 -3 -3 4 5 4 4 -4 -3 -5 6 -8 -1 2 -4 1 -0 -2 3 6 2 -1 -6 -0 -7 -0 4 -3 -0 -9 2 9 -4 -12 8 1 -0 -4 -7 -4 -5 
Testing agent 11 and agent 14
-1 -5 -6 8 0 0 5 1 -3 -8 9 0 5 0 1 -5 9 10 -8 -5 2 -1 5 7 2 4 -1 -3 6 0 4 0 -7 2 -3 0 2 -3 4 1 2 4 3 -4 -2 5 -4 -4 -5 -4 3 -0 4 6 5 -4 -1 -0 1 -8 -2 5 -3 -0 -0 -6 8 -0 -0 2 4 -0 10 6 8 -0 -8 -5 3 -2 -0 3 5 5 -3 6 -5 -5 4 3 5 7 9 -5 4 7 9 4 4 -2 
Testing agent 12 and agent 14
3 -6 2 -1 4 5 2 0 5 4 3 -7 3 -2 -4 -2 -6 4 -2 -2 -4 -4 4 -5 -3 -2 -9 -12 -6 4 6 -4 -4 -5 0 -6 0 -3 -4 6 0 -1 4 -7 -3 4 -6 -2 4 2 5 4 -8 -2 -4 6 -3 -3 -0 -4 -1 -4 5 4 -3 -9 -3 4 -5 -5 -3 -9 1 -0 -0 4 -0 9 -4 2 1 -5 4 3 -3 7 6 -6 3 -9 5 2 -0 3 11 8 2 6 -2 3 
Testing agent 13 and agent 14
5 -4 4 -3 -2 5 2 -1 3 4 5 1 2 -3 -5 1 -7 -3 2 4 9 -2 7 -1 -10 1 4 -1 -7 7 -7 5 13 -5 4 2 2 -3 -2 4 5 1 0 5 1 0 0 0 -4 -4 -2 -1 -0 6 -6 6 -0 3 -5 7 -8 -7 5 -3 -0 1 4 -0 -4 3 -0 -4 6 -1 -8 3 -7 -0 -4 7 -3 7 -2 5 -0 -4 5 -5 7 -3 4 -7 -0 -3 6 -7 3 -1 8 -4 
Tournament matrix: 
0 0.354 0.862 1.322 1.69 1.48 1.664 1.698 1.668 1.78 1.53 1.528 1.83 1.67 1.512 
-0.354 0 0.73 0.81 1 1.142 1.312 1.134 1.206 1.342 1.404 1.212 1.388 1.292 1.308 
-0.862 -0.73 0 0.468 0.706 0.868 0.868 0.854 0.874 0.952 0.824 0.918 0.936 0.882 0.838 
-1.322 -0.81 -0.468 0 0.226 0.33 0.536 0.56 0.44 0.402 0.47 0.564 0.542 0.562 0.47 
-1.69 -1 -0.706 -0.226 0 0.108 0.276 0.36 0.432 0.256 0.324 0.238 0.34 0.35 0.578 
-1.48 -1.142 -0.868 -0.33 -0.108 0 0.06 0.134 0.324 0.304 0.274 0.084 0.106 0.352 0.426 
-1.664 -1.312 -0.868 -0.536 -0.276 -0.06 0 0.126 0.15 0.026 0.092 0.05 0.224 -0.048 0.252 
-1.698 -1.134 -0.854 -0.56 -0.36 -0.134 -0.126 0 0.194 -0.13 0.03 -0.064 0.178 -0.038 0.122 
-1.668 -1.206 -0.874 -0.44 -0.432 -0.324 -0.15 -0.194 0 0.024 0.074 -0.08 0.126 0.148 0.188 
-1.78 -1.342 -0.952 -0.402 -0.256 -0.304 -0.026 0.13 -0.024 0 -0.068 -0.122 0.122 -0.044 0.13 
-1.53 -1.404 -0.824 -0.47 -0.324 -0.274 -0.092 -0.03 -0.074 0.068 0 -0.062 -0.112 0.178 -0.034 
-1.528 -1.212 -0.918 -0.564 -0.238 -0.084 -0.05 0.064 0.08 0.122 0.062 0 0.064 -0.088 0.2 
-1.83 -1.388 -0.936 -0.542 -0.34 -0.106 -0.224 -0.178 -0.126 -0.122 0.112 -0.064 0 -0.026 -0.08 
-1.67 -1.292 -0.882 -0.562 -0.35 -0.352 0.048 0.038 -0.148 0.044 -0.178 0.088 0.026 0 0.062 
-1.512 -1.308 -0.838 -0.47 -0.578 -0.426 -0.252 -0.122 -0.188 -0.13 0.034 -0.2 0.08 -0.062 0 
Equilibrium: 
1.4822e-323 1.4822e-323 2.47033e-323 4.44659e-323 6.91692e-323 1.13635e-322 2.07508e-322 2.71736e-322 1.87745e-322 1.24208e-314 0.0822778 1.35811e-69 0.563111 0.354611 4.82028e-171 
EXPLOITABILITY: 9.56372e-06
Game queue size set to 10000
