
x <- c(-16,-23,-21,23,28,27,17,26,-22,26,-11,-15,17,27,17,28,-18,14,22,-18,18,-21,20,-16,20,-21,-19,19,-14,-20,-22,20,16,-26,-10,19,-11,13,12,-22,20,18,19,10,24,-21,-21,-16,9,2,-2,8,-6,8,4,9,-37,14,-27,7,6,9,10,15,-41,-22,14,-35,9,-29,-24,10,-1,-37,11,-24,-27,7,8,9,9,5,12,3,-34,11,12,12,3,15,7,-31,14,2,4,1,16,13,5,-20,24,-28,-15,17,16,11,-1,-17,-11,12,15,7,18,14,15,9,9,12,17,7,-19,-22,13,21,12,10,9,14,14,-34,16,15,14,7,-11,-28,14,7,15,14,22,15,17,13,17,11,8,19,6,24,-30,17,15,-38,16,21,9,3,16,13,18,17,14,-30,11,15,6,14,18,13,12,5,16,13,19,12,21,14,4,9,5,2,17,17,9,7,-29,18,17,16,10,1,18,21,17,2,4,18,6,-26,-30,-39,17,18,12,16,19,17,15,10,7,20,18,8,-32,18,17,10,15,15,2,-30,16,16,17,14,18,-16,18,9,20,-39,17,7,-33,9,-22,13,18,18,23,17,16,20,18,18,14,20,15,20,-27,20,15,18,-20,18,19,19,19,19,19,-20,17,20,16,19,18,20,20,-27,18,-19,17,18,-19,17,19,15,20,20,19,17,17,18,19,19,10,18,20,19,19,13,18,18,13,16,17,18,16,19,16,16,19,18,10,18,11,16,18,21,17,21,20,14,18,17,-6,16,20,16,20,18,17,16,16,13,12,19,19,18,-28,15,17,20,17,19,-36,18,20,21,20,16,14,19,18,17,17,17,21,18,13,9,17,18,0,15,18,19,18,14,19,15,21,20,17,17,13,18,14,16,20,17,19,4,18,18,4,17,17,19,12,16,14,16,19,18,17,18,18,-27,17,15,20,19,14,19,20,19,17,19,20,15,19,18,20,20,18,13,17,20,17,20,21,16,20,19,20,19,19,20,19,18,20,20,19,21,12,16,19,18,17,18,18,17,16,15,21,17,19,19,15,14,18,17,18,19,19,20,19,19,20,20,15,20,20,19,15,17,18,17,17,-22,16,-31,21,13,20,21,19,18,19,21,18,18,19,20,16,17,19,19,19,18,17,20,20,18,14,15,16,19,15,19,20,16,20,20,17,19,18,21,16,13,20,18,19,18,17,20,18,19,18,17,19,17,20,18,17,17,17,19,20,20,20,20,17,20,20,18,20,19,21,17,18,20,16,19,16,17,20,17,13,15,19,20,18,18,20,18,20,19,16,17,20,-36,19,16,18,19,17,19,15,18,18,19,18,19,21,21,20,19,20,18,18,20,18,16,17,19,17,20,20,20,18,21,20,19,20,20,20,20,19,19,20,18,20,16,20,16,19,17,22,19,19,19,20,19,17,21,20,15,17,20,21,18,16,20,20,18,20,18,17,20,18,17,16,19,20,19,18,16,18,18,21,18,20,17,16,18,20,18,17,20,17,-26,20,19,18,19,19,20,20,20,19,17,20,17,17,19,20,18,20,20,18,20,21,20,18,20,19,19,18,20,18,20,20,19,-26,14,19,18,15,17,17,16,17,21,18,20,19,20,20,20,18,16,19,17,20,20,21,15,17,19,16,20,18,20,18,19,19,16,21,20,19,19,19,19,16,20,19,17,20,20,19,18,18,19,20,20,19,15,18,20,18,18,9,20,21,11,18,21,17,19,18,20,18,17,20,20,18,20,20,20,19,20,18,17,19,20,18,18,18,20,20,20,17,18,20,18,20,19,20,19,19,11,19,20,20,17,20,20,20,19,19,20,15,16,21,18,20,19,19,20,20,20,20,20,16,18,20,19,20,18,18,17,19,20,17,20,18,20,21,19,21,20,20,18,18,19,17,19,18,19,15,20,20,19,20,18,18,20,21,20,19,20,19,17,20,20,19,20,21,19,20,18,20,19,20,19,19,19,18,19,21,21,14,19,11,18,21,19,20,20,18,19,19,19,21,21,20,21,17,17,18,20,20,20,19,17,20,20,17,21,16,19,19,20,16,20,20,19,18,18,20,19,17,21,18,19,17,20,20,20,20,20,19,18,18,18,18,19,18,18,22,20,17,20,18,21,18,19,19,21,21,17,21,18,20,20,19,19,18,18,19,-23,20,21,21,19,17,21,19,20,19,18,21,18,18,19,19,18,20,21,18,18,20,20,14,17,19,19,20,20,18,20,21,19,19,20,20,18,20,21,21,20,19,21,20,17,20,20,18,16,16,20,21,18,19,18,19,19,21,20,20,21,19,19,19,21,19,20,21,17,19,20,19,21,17,19,0,0,0,-1,0,-16,0,25,21,-21,19,-20,0,17,0,0,1,0,4,0,19,-25,0,0,0,0,0,0,1,-2,0,-1,18,0,19,0,1,0,-1,0,0,-5,0,24,2,0,0,1,1,-21,-3,16,1,0,1,0,1,-1,0,0,-1,1,-20,0,-1,0,-1,-21,-22,0,-8,-1,-1,1,0,0,1,0,-21,0,0,1,0,-1,-1,0,1,0,0,-1,0,-2,0,-1,0,0,-1,14,13,-1,1,0,-1,-1,-2,0,-10,-1,0,18,0,20,-20,-2,11,0,-1,-1,0,0,-5,-2,-20,20,0,0,-19,-5,0,-2,0,0,1,0,-22,0,0,-6,-20,0,0,18,-23,-1,0,-1,1,1,-1,-1,15,20,0,0,-2,-2,-19,0,-1,-19,-4,-1,-1,0,21,-2,0,0,0,-6,0,-1,0,-1,1,-3,-2,1,-21,0,0,20,-3,0,0,18,-1,1,0,0,-1,0,0,-1,0,1,-15,0,0,13,0,0,21,-1,0,0,-1,2,-18,-2,20,0,17,-1,0,0,0,-2,1,-1,-2,0,19,0,0,-1,0,1,-20,0,-16,-1,0,-2,-1,0,1,0,0,-21,-1,1,-2,-1,16,-1,-1,-1,-1,-21,1,0,0,-1,8,0,-26,0,0,17,-1,0,-25,0,21,1,27,1,1,-20,0,0,0,0,-1,0,-1,17,19,17,0,0,0,18,0,-1,0,-2,0,0,0,-2,-1,1,17,-20,0,-1,0,0,0,0,0,12,0,0,0,0,26,-1,0,-3,-2,-18,-21,-6,1,-11,-19,0,0,-1,-18,0,-2,18,0,0,-1,0,-18,0,19,0,0,-19,-1,0,20,0,1,-1,1,20,0,18,19,0,2,0,0,-20,18,0,0,18,1,0,-1,2,0,-23,0,0,3,0,-1,20,0,-1,-4,0,15,0,0,-1,-4,-16,1,-1,0,0,0,21,0,1,-24,19,-1,0,0,0,0,0,-14,-17,-2,0,0,21,1,0,20,-2,1,0,-20,0,1,-1,-1,19,20,-1,1,19,0,0,1,18,0,-7,0,1,-1,-19,0,-1,18,-22,0,0,0,-1,0,0,0,1,0,0,-25,20,17,-2,0,0,-3,20,-1,0,0,0,-19,7,0,1,1,22,1,0,0,1,-2,1,-1,-1,-21,0,0,16,0,0,-1,2,-4,-18,0,-25,0,21,0,0,0,-1,-1,0,0,2,0,-2,-1,0,0,19,0,0,0,-1,19,0,-19,21,-6,0,1,-1,1,-20,0,15,0,-1,22,0,1,-1,23,0,1,0,20,0,0,0,0,0,0,0,21,16,21,0,1,-4,0,6,0,0,0,-2,-1,0,0,-2,1,0,-1,0,1,0,0,21,0,-2,-21,-1,-1,19,0,0,1,0,0,0,0,-19,0,-4,-15,-1,1,0,21,0,1,0,-1,-2,-17,0,0,0,-1,0,0,-1,-1,1,0,-1,-1,1,0,21,0,0,21,19,0,-6,0,26,22,-2,-1,20,0,-1,-2,20,0,0,0,0,1,0,0,20,-1,0,0,0,0,20,0,0,0,-20,0,0,-1,14,-20,0,0,-21,1,0,0,-1,20,1,-1,-1,25,17,0,1,-1,0,0,0,0,1,-21,1,1,1,0,0,-1,-22,0,20,23,0,19,0,0,0,0,0,0,-1,-3,0,0,0,0,0,0,1,0,0,0,0,0,1,0,1,-19,-1,1,0,1,-2,0,-3,-26,0,0,0,17,-4,-1,0,0,21,17,-19,0,-1,0,18,24,-21,0,0,-1,0,0,0,0,0,1,0,0,0,0,0,-1,1,0,0,2,0,-2,-1,0,1,21,19,-1,-1,-2,21,17,1,1,1,0,0,0,0,0,21,0,0,-17,-1,0,0,0,-26,0,1,-1,0,0,0,18,0,2,1,2,2,-1,0,0,0,2,19,0,18,20,0,0,0,0,0,-2,0,1,0,33,1,0,-1,1,0,0,0,1,0,0,0,0,-1,0,0,1,-1,-1,1,-24,-1,0,0,-1,0,0,0,-1,16,0,16,-1,1,28,0,0,0,0,0,0,0,21,0,0,0,19,-1,-5,0,20,0,-1,0,0,21,-1,22,0,-19,-1,0,0,1,0,0,0,-2,-1,-2,-3,-1,-11,15,0,2,1,7,0,0,0,-19,0,-2,-2,0,0,24,-21,0,2,0,0,0,-1,-1,0,-3,-2,-1,0,0,0,-1,2,0,0,0,16,0,1,20,-1,0,16,-1,0,2,0,0,1,0,0,-1,0,13,21,21,0,-1,0,0,0,-2,-1,4,2,-1,0,1,-1,-3,0,-1,0,-1,0,0,-2,16,-1,-9,1,-21,0,-2,18,0,0,0,-2,-1,-23,-1,0,-1,4,19,-3,0,-1,0,-1,17,23,-1,1,-3,17,-2,18,0,2,19,0,-6,-2,0,-1,0,0,18,-1,0,-1,1,-1,15,-20,1,0,0,-1,0,0,1,20,-3,-1,0,0,-1,-2,0,0,-1,21,-1,1,-1,18,23,1,2,0,0,-1,4,0,0,0,2,2,1,-4,2,29,0,-21,0,0,-2,-2,1,0,0,0,0,-1,1,-1,1,-1,-2,22,1,0,-20,-1,1,1,0,-1,0,1,-3,0,0,0,2,1,0,1,0,-2,0,0,-2,-1,0,2,1,0,-2,0,0,-1,0,1,0,0,-20,0,0,-1,19,-1,-21,0,0,0,0,-1,0,1,23,0,2,-1,0,-1,0,0,0,-1,-1,-1,0,0,21,0,-1,-1,0,0,1,2,0,0,0,18,0,0,0,-1,0,-1,0,-1,0,0,0,-16,-15,0,0,24,0,0,0,1,-21,0,-1,0,0,0,0,-1,20,-1,0,2,0,1,-1,0,0,-1,0,0,0,0,1,-1,0,0,0,0,-1,0,0,22,-1,21,0,0,0,0,1,0,0,0,-1,0,0,0,1,0,0,0,21,2,1,0,0,1,0,0,0,0,1,0,0,0,-1,0,0,-1,-1,0,0,0,19,0,-1,0,0,1,0,0,-1,0,0,-2,0,0,0,0,-2,0,0,0,20,0,0,0,1,0,0,0,1,-1,-1,-1,0,8,1,1,2,0,0,-1,0,1,-2,0,0,0,-1,20,0,0,-1,0,-1,-22,0,0,-21,0,2,0,0,21,0,-1,0,1,0,0,-2,0,0,0,-1,0,1,-1,0,1,0,-1,0,-1,0,0,19,0,0,1,0,0,0,0,0,-1,-1,0,-2,-1,0,-1,-3,2,-1,0,0,0,-1,-1,0,-1,0,1,0,0,1,1,0,18,0,0,0,0,3,1,0,0,-1,0,-1,0,1,-3,0,0,-1,0,0,0,21,-2,1,0,0,-2,0,-2,0,-1,1,0,0,0,0,-21,-1,0,0,-1,0,19,2,0,0,0,0,1,1,0,-2,1,0,0,0,2,0,0,0,3,0,19,-3,2,0,0,-2,0,0,0,-2,1,-1,0,0,-1,4,1,1,-21,0,-1,0,-1,1,1,-2,0,21,0,3,1,0,0,0,-1,-21,0,2,1,10,-1,0,1,-1,0,0,0,1,0,0,0,-1,0,0,0,0,-1,0,1,15,0,0,2,0,0,-1,-1,-12,-2,0,0,0,-1,1,0,-2,0,0,0,-1,0,1,3,0,0,0,17,0,0,0,0,0,-1,0,0,1,0,0,0,1,-1,-1,-1,-1,0,0,0,0,0,1,0,0,1,1,0,0,0,-1,-19,0,1,0,-1,-2,1,-1,0,0,-1,0,0,0,0,0,1,0,0,0,0,1,3,0,-1,-1,0,0,0,1,1,0,0,4,0,0,1,0,0,4,2,0,0,0,0,-21,-1,0,0,2,1,3,-2,4,1,1,1,0,1,0,1,0,1,1,1,-1,0,0,0,1,0,1,0,0,-1,0,0,0,0,-1,0,-1,23,0,-1,-1,-1,1,-3,0,0,0,0,-1,0,0,0,0,0,0,0,0,-17,-1,1,19,0,0,0,1,0,0,1,1,0,-1,-1,0,-1,0,2,23,0,-8,1,0,-1,0,1,0,-1,-1,0,1,2,0,-1,0,0,1,1,0,0,-1,-2,0,1,0,0,-1,1,0,2,1,0,-1,0,0,0,1,0,0,0,-1,2,2,-1,-1,0,0,0,0,0,27,0,0,2,0,0,-1,1,-3,0,0,-1,0,1,0,0,-1,0,1,0,-2,0,0,0,0,18,-1,0,0,-2,0,0,19,0,0,20,0,-1,0,0,0,1,0,-1,-1,1,0,0,0,1,1,0,-1,-1,-1,0,20,-1,0,-1,20,0,0,-1,-1,-1,-1,0,-1,21,0,0,0,1,24,0,-17,14,1,0,0,0,1,0,0,-2,0,-1,0,2,-1,0,0,19,-1,-17,2,0,1,0,0,0,2,0,0,1,0,0,1,0,0,2,1,1,-1,0,1,30,0,1,0,0,0,0,0,0,0,0,0,1,-1,0,0,0,-1,2,0,0,1,0,1,1,-1,1,0,0,0,0,0,0,-1,0,-1,0,0,0,-1,0,0,0,-1,0,-17,0,0,2,0,0,0,-2,0,0,1,0,0,0,0,-1,0,0,0,-11,31,0,0,0,-1,0,1,22,0,-1,0,20,1,0,0,0,1,-1,0,-1,0,0,0,0,0,23,0,0,2,1,0,1,0,0,0,0,-1,-1,0,3,0,-1,0,0,0,0,0,0,1,0,0,0,0,0,1,-2,0,0,0,0,-1,0,0,0,4,0,1,0,0,-1,0,1,-1,0,5,-1,0,0,-2,0,0,0,30,1,1,0,21,1,-1,0,0,1,-1,0,2,22,23,27,0,-1,1,-1,-1,-1,0,0,2,0,0,2,0,2,0,2,0,-1,0,2,-1,0,1,1,0,0,2,0,0,1,1,0,0,0,1,0,1,0,1,0,0,0,0,0,9,0,-19,0,-2,0,1,0,0,1,0,0,0,0,1,1,0,2,0,0,6,0,27,21,26,0,0,0,0,0,0,25,0,1,2,0,5,2,4,0,2,-14,19,0,0,21,0,21,1,0,1,0,0,2,7,0,2,22,