
import matplotlib.pyplot as plt
from matplotlib import colors
import matplotlib as mpl
import numpy as np

size = 15

data = np.array([0,0.354,0.862,1.322,1.69,1.48,1.664,1.698,1.668,1.78,1.53,1.528,1.83,1.67,1.512,
-0.354,0,0.73,0.81,1,1.142,1.312,1.134,1.206,1.342,1.404,1.212,1.388,1.292,1.308,
-0.862,-0.73,0,0.468,0.706,0.868,0.868,0.854,0.874,0.952,0.824,0.918,0.936,0.882,0.838,
-1.322,-0.81,-0.468,0,0.226,0.33,0.536,0.56,0.44,0.402,0.47,0.564,0.542,0.562,0.47,
-1.69,-1,-0.706,-0.226,0,0.108,0.276,0.36,0.432,0.256,0.324,0.238,0.34,0.35,0.578,
-1.48,-1.142,-0.868,-0.33,-0.108,0,0.06,0.134,0.324,0.304,0.274,0.084,0.106,0.352,0.426,
-1.664,-1.312,-0.868,-0.536,-0.276,-0.06,0,0.126,0.15,0.026,0.092,0.05,0.224,-0.048,0.252,
-1.698,-1.134,-0.854,-0.56,-0.36,-0.134,-0.126,0,0.194,-0.13,0.03,-0.064,0.178,-0.038,0.122,
-1.668,-1.206,-0.874,-0.44,-0.432,-0.324,-0.15,-0.194,0,0.024,0.074,-0.08,0.126,0.148,0.188,
-1.78,-1.342,-0.952,-0.402,-0.256,-0.304,-0.026,0.13,-0.024,0,-0.068,-0.122,0.122,-0.044,0.13,
-1.53,-1.404,-0.824,-0.47,-0.324,-0.274,-0.092,-0.03,-0.074,0.068,0,-0.062,-0.112,0.178,-0.034,
-1.528,-1.212,-0.918,-0.564,-0.238,-0.084,-0.05,0.064,0.08,0.122,0.062,0,0.064,-0.088,0.2,
-1.83,-1.388,-0.936,-0.542,-0.34,-0.106,-0.224,-0.178,-0.126,-0.122,0.112,-0.064,0,-0.026,-0.08,
-1.67,-1.292,-0.882,-0.562,-0.35,-0.352,0.048,0.038,-0.148,0.044,-0.178,0.088,0.026,0,0.062,
-1.512,-1.308,-0.838,-0.47,-0.578,-0.426,-0.252,-0.122,-0.188,-0.13,0.034,-0.2,0.08,-0.062,0])

data = np.reshape(data, (size, size))

cmap = mpl.colormaps['bwr']

# fig, ax = plt.subplots(figsize=(6,6))

plt.imshow(data, cmap=cmap, interpolation='none', extent=[0, size, size, 0])
plt.colorbar()
plt.xlabel("Active agent number")
plt.ylabel("Adversary agent number")
plt.title("Active agent cumulative value, in LOSEPENALTY")

plt.savefig("eval.png")